4200
38
9561
5132
8339
1721
6181
2825
5989
6410
8036
3446
3708
7754
8435
7294
8007
3775
430
2556
4214
6282
5893
1949
6799
4392
1361
6119
2035
1943
2664
8714
432
2362
9327
5175
7064
941
4160
3550
3826
1932
5005
3404
671
7458
6371
4324
7104
7534
8562
9485
1414
2667
9068
7645
8043
3039
6156
4389
1455
8260
7737
5549
3077
6598
4363
9152
7071
2588
4974
7132
1782
410
4244
2067
5583
678
608
2357
2234
7594
7360
2946
669
9641
5754
9114
9217
5685
5259
199
4716
7505
2203
1822
7775
5091
7525
3298
6783
9580
2518
4537
1305
4618
5620
9107
4226
9326
5297
6056
9918
2586
4656
402
5010
765
1319
6747
4571
3938
5429
2535
4752
4149
9766
8005
1925
9992
1620
9074
1074
5494
865
5583
2212
1606
4483
2821
6066
3201
9231
6
9506
4343
6537
1781
3917
1327
234
4248
3952
9214
8915
76
7557
554
4305
3419
4065
1119
3249
9338
9567
721
422
7862
7149
8852
2745
3968
4246
4457
8609
5493
5952
7273
115
5635
1622
5126
2683
5865
5576
8896
1756
5663
4498
4198
9876
5158
8330
862
5572
3873
7262
6311
78
2276
1598
3644
5039
3004
9429
3132
7040
5423
4270
680
3528
5749
7733
2156
2420
6391
9419
1873
5481
9063
1694
2146
9640
6401
3385
2046
4468
2160
2215
126
2289
275
8334
3704
861
1777
3193
1619
5539
476
7846
3675
1469
4530
2146
1991
8906
6697
2130
233
8177
9740
7251
2118
4165
865
1796
1767
2377
606
626
6223
2454
2155
6804
3790
4122
1832
1865
198
4227
7410
127
1340
8589
9619
8437
2096
3480
968
2115
3104
1725
8551
184
6954
1426
48
660
3089
9996
5315
3448
5474
3381
7682
5450
4632
3599
8872
8221
5964
3400
3531
4625
7489
1630
2814
9398
6751
4884
5627
6151
1118
7957
1583
4261
6310
1272
7061
2673
3348
9045
1015
8079
1103
9752
1010
9383
8460
787
3834
5949
9439
3529
3918
8755
7443
2824
2845
7038
3660
6502
4250
9382
2570
800
6316
6930
497
9262
24
8900
5847
2267
7667
5600
9758
3652
4066
5475
3475
8207
6277
1793
725
4190
2500
1695
8026
5428
2600
7043
110
9127
9885
4249
8334
9671
9926
4855
7716
7293
7602
467
5395
6199
9390
1843
4902
1812
9323
4502
2148
7707
8225
5105
7815
2369
980
3756
9261
3722
198
9854
4046
5423
1661
6022
2480
2241
6518
3916
215
4669
74
8568
8304
5633
0
9089
656
5598
5332
1768
2921
1086
5862
5526
1053
2455
7142
5314
982
5777
2383
2360
2997
997
4785
5575
585
8279
7123
1978
9202
869
9960
5529
4086
6384
4706
8832
7956
2090
5653
8177
1272
6704
5069
9142
8671
6251
6546
2345
683
2386
1131
7895
6840
562
5009
9378
9728
1968
9701
583
7165
14
5861
8208
2061
5292
3947
6250
3930
9169
5462
5769
346
3946
5885
2954
5716
7427
833
8121
5669
9204
4275
1781
6114
1773
3094
3969
7423
5125
9141
3260
15
8095
2456
4595
9212
222
9555
4038
9754
3195
7712
8344
327
452
8047
1482
3430
9831
9418
9819
6444
6304
414
3017
3706
8623
4182
8715
3756
9517
26
4450
481
8513
9433
9980
9565
2830
291
5803
4491
9631
3130
838
2903
421
8217
159
9867
1952
7798
1909
7784
1389
4004
2586
4855
815
5660
1352
2016
7937
8333
8879
7483
7611
2561
786
8646
7491
4610
4371
5094
1349
1292
1020
8497
3542
7221
1935
5436
1382
2011
8928
432
6580
1965
7922
2690
9926
989
9679
4227
2505
2500
9421
3989
5302
8151
5197
7952
678
7896
1781
868
1399
2319
6720
735
3295
8347
7908
6737
6960
1411
3781
9405
1629
914
8440
5459
9404
6947
1562
3917
8060
7897
930
3623
9977
8595
8069
7714
1582
2461
4825
6234
1931
4106
1371
7511
8647
9041
6693
1649
5559
5894
4970
152
703
1626
4
3762
5640
853
3232
3350
6003
4051
248
2360
9133
4061
8786
9670
420
7546
5671
739
5273
3398
1238
994
7894
913
7817
1478
5298
1434
8297
695
2834
9038
2158
3319
6899
572
6521
9061
453
187
662
8530
2138
798
2332
7058
6735
2086
9543
3510
8394
7481
5416
6552
4821
802
5562
9878
634
6249
5160
2258
9776
7781
9198
2201
1620
7279
557
8019
395
2456
6372
8347
6839
61
9291
9087
24
3642
7041
4330
2901
1421
1368
1056
7004
4173
7887
2858
3430
5707
2561
9267
7070
2183
4636
1905
4580
998
7301
4232
9229
1170
1865
5916
4653
4723
311
6469
9111
7773
3517
872
579
6361
1088
116
274
8953
1968
4314
8495
1878
331
5952
1287
732
2896
7975
9034
1225
2615
444
2450
1874
2543
2156
9939
5430
1640
1420
8307
1431
6307
2088
7852
3990
7703
3610
1488
9998
9733
3261
4205
3988
1133
5282
17
1613
5922
3843
1807
9073
1356
5367
6578
5967
3021
1413
8930
3376
2359
9356
5717
1264
6427
8658
247
9307
4404
4619
8525
6324
8486
8301
7415
732
465
657
6340
9937
6571
3597
8202
6197
2284
1984
854
81
2667
2077
8033
3065
4378
5500
468
8081
1342
2541
9005
624
9985
495
5826
3876
8587
1456
1317
6887
3886
8053
5433
2209
9681
908
9860
4797
4224
2016
6614
7776
8993
8734
8297
2311
5210
5509
9945
2385
498
6355
4469
4030
533
4558
551
3829
8540
8799
2049
6076
8092
3878
2424
7395
9309
1802
8597
386
1598
5920
2377
4005
4264
2782
2641
9476
5200
2080
5323
8840
9792
5066
7160
1691
6040
4399
6419
3216
8833
7058
4848
4163
9843
6043
1768
4161
5960
189
868
9019
6128
117
1528
6183
2726
3509
1394
9000
1986
1106
1571
1807
9873
1531
9470
9090
8258
6347
5406
1532
1938
849
7901
8628
5963
6734
3410
2563
9352
7870
7770
64
668
842
170
8654
4004
2557
596
329
9882
9990
3609
5341
9531
958
6734
9480
2843
2699
513
737
8472
4371
1262
9192
1644
8565
8317
2351
8423
3460
7806
8970
2604
9222
8200
9923
3546
9452
4318
4529
2191
403
1220
4890
2312
3675
624
2199
2748
7252
5764
8647
2105
4178
2395
4422
2142
3961
1250
2975
1324
6233
9657
3424
5991
1728
3770
957
9409
3308
649
4904
3352
7216
1372
8367
975
5129
5757
4358
3755
5313
6206
1079
9119
244
3405
3431
8314
1313
7992
5274
7118
579
1106
2730
3877
2497
1591
1348
9935
6659
1244
6372
639
9574
5899
7843
1959
3121
1389
9149
17
921
680
2472
8848
9362
3804
8641
1078
4983
2584
2553
5159
476
7346
3969
445
2705
6327
5921
4382
8858
5168
6095
6923
2589
9350
2318
3690
3339
1415
3077
2983
6851
6282
2498
8774
6212
7743
3022
2491
833
90
2275
5710
7786
977
299
5481
9496
7508
3659
1220
7144
7197
2848
2372
5645
4536
7721
6575
3823
4372
421
5235
4616
1130
9454
8359
593
4015
2854
6370
1768
2133
1600
1019
2261
2006
9891
3296
1517
7379
474
3675
1111
2906
416
2754
6861
822
2442
9166
501
8972
1541
3886
0
1603
4099
9053
4659
1587
7727
433
8356
290
4617
4246
471
5082
9758
2106
6154
9215
1975
8650
8237
9119
1430
2205
7558
8603
3500
7535
8884
5798
4574
7185
1987
635
6889
447
8448
1300
2243
2466
8205
1000
6804
8839
2406
9492
7462
7423
9525
77
2393
6729
1123
6229
3530
2157
6097
6525
3140
1434
5142
2842
3735
3443
6601
9419
6904
5189
4353
1401
2618
316
426
7888
8876
6390
4876
1933
1106
360
2023
2520
6728
6016
9185
7572
3204
2410
9572
7029
5004
5367
5025
5505
6552
1035
3065
7402
1225
1302
9886
7547
5610
198
4565
6673
2934
475
5343
972
4874
9323
4472
1190
8605
8294
8031
1123
1949
61
1047
8042
2427
1982
2174
3827
8330
9475
4876
593
2787
1564
7678
34
2989
5626
9972
5796
3548
9422
855
890
7959
6625
7504
7919
5806
4565
85
6731
2876
3340
7860
1284
5673
1448
2581
5255
7684
5570
1498
487
2527
7966
2715
3797
5370
4015
1968
256
9445
9704
1886
9535
5632
1875
7718
6637
1350
2276
8426
7187
1337
7776
3313
5037
1935
4843
7357
6342
6542
1728
3899
5141
4
8949
635
1180
3914
4541
1841
3310
3513
9775
187
466
2014
7511
7683
3989
2410
860
183
7156
4301
1730
2216
298
8100
768
5504
2119
144
421
1783
8098
7242
6631
3895
1937
3092
4748
7919
2006
1105
76
6469
9115
695
1574
7007
5953
324
8963
1444
5942
975
4696
8111
4630
5217
1504
8372
8419
4275
8025
9125
3927
425
3421
8375
457
7920
548
8961
8879
1732
4728
5493
5555
4117
7705
5730
8457
6123
6146
9577
256
9415
700
3279
1079
8492
3009
9666
2321
8030
2676
335
3756
2666
7103
6771
3007
6726
2381
3536
258
4602
2601
9907
34
800
4071
932
9525
535
9489
5374
6987
990
2132
4271
9253
8367
8765
978
4474
1050
8110
9627
4200
9540
5749
9666
8793
5615
9055
3412
6262
3084
713
247
1903
7038
2743
1197
2668
8449
9753
4746
9358
2075
4218
3609
4249
6674
394
6251
8470
6286
6431
4418
8436
8015
5576
2766
8895
9538
2210
9093
2500
241
6366
6632
6227
9673
3091
2772
9654
8912
4144
422
6305
662
7781
2547
491
4939
2578
87
2540
7234
2575
6396
2359
1988
7550
4125
9034
3992
9087
8123
1139
3297
7778
7072
4406
8856
2850
4482
1580
3436
4624
5786
8638
9752
8173
3846
2354
8852
9836
1132
9557
3470
8775
448
8426
586
9089
2456
5106
2247
4220
8477
2604
1941
2380
4693
8015
8052
4284
1119
9494
462
6831
2110
1803
5656
7417
1770
775
6564
2512
1459
7032
2347
5629
5736
116
6025
4055
3287
7646
3657
514
2405
5575
4484
6820
4976
8806
4036
3560
675
3771
5357
5623
4714
5888
766
9299
6551
481
4852
6326
5492
2654
7296
9339
154
9166
4058
1066
2801
9063
886
6474
3657
5291
7238
6962
1289
4868
4128
4144
949
5812
4881
5070
2341
3926
2482
5970
9924
4457
8491
4517
2775
8750
9525
3399
3103
1104
3524
2417
9536
1940
4372
5130
4722
2481
5139
7886
9351
7233
8960
5099
2943
2504
8259
8462
8857
8053
9821
5182
2363
6711
881
4007
5203
9521
3555
6907
2718
2481
1263
6851
4378
6270
637
3420
4056
1664
2820
1120
7236
1572
6941
5554
9159
4528
4410
2766
4940
7812
6806
4751
5842
6738
7886
931
2562
9343
2753
7325
3105
5338
2740
7866
8872
3916
6745
5574
4386
1153
1840
7408
902
966
5326
3003
838
3587
3646
2470
4695
155
774
8094
1074
6130
9531
642
4218
7231
2727
9415
5407
1042
3114
9869
4146
4151
3070
1426
4410
1979
6224
3942
4198
7598
9148
7775
724
2410
5976
206
1810
2212
2371
8689
275
9200
2767
7706
196
9610
702
768
1199
6450
2777
9252
6447
887
534
871
4326
4503
8619
2666
7788
9365
9518
7494
7528
4749
1102
3358
7860
4677
8328
5617
8860
1284
1475
372
2871
4775
3373
111
9098
6673
5209
4391
9913
5443
600
2173
5839
4572
4137
3668
2991
499
2556
8153
7004
2611
123
8526
4006
3958
378
3559
9287
1509
1997
1640
6973
1199
4588
702
3688
6152
4659
110
1030
9315
3581
892
6621
1827
2050
7325
3481
943
3230
1342
5334
7333
6596
3222
2065
3872
3571
7257
2746
2796
2071
959
7884
1993
435
6932
3824
4814
1230
2145
8639
337
7564
3724
8615
9700
4095
2155
816
6977
7053
1486
2975
7434
8243
5246
3435
7338
1802
7056
3630
784
9129
1455
7806
4910
3083
7721
1564
3612
259
6521
2236
9282
8413
7429
6967
1574
631
1432
3373
595
2848
7538
4655
6299
9711
542
7404
7453
3975
6133
6139
442
7529
1010
2361
5109
5243
5893
3234
4522
8472
172
901
1569
840
8831
3859
5698
18
4874
5720
7354
7215
2353
5534
31
8112
7038
1150
9185
2307
495
4904
2226
5793
3950
1221
5159
2940
8801
3899
543
5063
9251
1601
7252
2870
354
4676
271
9241
1419
3705
1297
67
1618
7811
5759
1951
1879
5896
445
7861
6213
8831
7615
2137
3821
7484
9500
2740
2163
4591
8468
3384
1894
890
3795
7534
2790
1842
54
4979
3681
2136
8334
162
5551
9656
4402
6659
1423
9057
1018
3941
3265
8326
1882
7239
614
9364
9979
4526
4532
3382
3344
3714
2686
8742
3303
6713
1459
5445
830
840
1798
7100
3481
1271
8271
739
7905
7364
5712
4866
2559
2699
3386
6998
1322
405
768
1895
8621
1487
7292
4312
1244
6029
9889
1950
5288
61
2818
916
6640
128
6817
878
4699
3239
1194
6701
9236
8891
2304
8211
9669
6832
6680
2727
487
634
5477
763
3785
129
1892
7388
9263
4465
9289
5194
6669
549
3385
1352
5316
7540
9002
2566
7355
924
1335
222
9618
223
4137
3563
8820
9579
1619
4897
4955
3855
9612
4009
2312
1963
914
6891
2754
2854
7581
8273
3471
7222
2513
1353
2945
3004
3369
6380
8691
3565
5776
4413
1300
1736
4433
3284
6659
261
8435
8859
4092
1227
7261
7560
7377
7349
4240
5837
6397
9189
3444
573
4661
4138
2387
2559
6640
606
3078
7191
584
2643
2732
2196
321
4575
98
4852
8938
5973
1264
1471
5522
6998
1728
9698
2333
7192
4580
5978
7591
1158
2008
7668
1080
1432
3558
7042
7304
3060
1577
9457
5092
2949
4948
6921
3746
5739
7251
5332
1586
7123
4306
5555
662
649
5533
3821
2404
5707
3016
569
7528
6143
3152
6415
3743
5320
3873
1146
4098
6613
458
2752
8911
8123
3534
6213
6895
1924
8460
2444
7939
199
4593
976
9184
4122
7644
5682
2989
7654
690
1604
8426
154
4900
9862
5539
9794
6782
2718
9973
7833
3297
4541
3377
6813
2435
6432
6111
9523
8277
3492
3204
6698
1989
798
1783
2451
6245
8921
6896
1105
4348
9809
3522
4430
28
5104
6764
6623
4100
5575
3370
4057
2886
1872
7233
3748
8427
5441
1530
1854
2166
6436
2766
6963
9190
9588
180
1436
8736
9530
8806
1909
797
7417
7083
4372
528
2663
2353
9191
2171
5037
9288
1244
4001
9681
1095
4199
1119
9842
4313
3632
5879
1587
1112
1883
7261
3420
9886
8268
8966
1389
8039
7530
2445
2628
1627
5075
2072
2641
7418
5888
5706
5160
985
7819
2331
791
8524
3982
8485
2201
1108
7566
6080
8842
1211
2888
4560
7100
4670
4299
2765
729
6859
7670
4532
682
3466
3027
2316
263
8944
3956
5019
8736
5506
3596
8314
2075
4952
4994
3030
9359
2354
4994
5881
1521
6831
1956
5049
4173
9323
3345
9647
6135
3864
8115
7898
7250
2705
9948
900
1409
8555
2874
485
60
5389
857
3304
9366
450
2442
8395
9660
5052
6947
378
9760
219
9911
1054
6919
9662
3383
3874
6847
3369
728
3447
5046
4936
6183
5608
8775
819
6507
5312
7702
6962
6042
8939
2541
5267
3774
8283
1880
8921
8617
6652
1583
9959
9815
9433
1889
2526
2084
624
1689
8788
5149
7683
2748
6774
4539
4513
176
6639
957
1077
7892
344
8053
2237
9371
8754
823
9229
4602
7474
429
2693
2901
7581
9118
5409
8837
5781
4048
9823
7373
946
1563
9942
7773
1396
7520
3829
6854
9863
8410
3882
6670
3912
1652
500
2743
5976
428
603
2380
8015
1430
8478
1979
9250
4739
9805
1785
1080
5268
5081
2962
8074
6233
5160
1808
4697
6255
4526
6863
8980
4362
968
8814
7066
2367
9178
664
8332
5509
2908
8500
6103
364
3200
3897
241
5215
3511
3494
5569
6966
1989
2641
5812
5968
5570
2511
1902
4335
4018
612
7118
2084
2407
2299
7461
4348
8470
6263
7399
9531
1176
2219
5554
8440
2497
2695
1536
9625
246
8228
2952
1761
2586
5715
1674
886
4538
1808
3722
7816
8939
1933
4812
6464
8336
4908
9313
1445
5024
2252
2161
3732
3271
2601
9514
8257
6763
9229
5991
4825
6562
3451
2420
4730
898
6605
577
4421
2730
2060
4662
8611
2367
4241
4470
1862
4489
2090
5095
4433
4704
4767
6241
8203
8192
1909
1076
6575
1765
6706
1103
983
147
6434
4190
5115
1860
4858
4852
5013
6408
2667
250
1095
9368
3306
1446
4255
2204
9101
5535
8249
2590
6760
7903
3573
5006
8376
5435
8155
10070
8992
1776
7116
449
2115
7806
6315
5160
5137
1465
2716
206
1765
1501
2108
8685
5550
2962
7394
7343
7165
5152
3060
7442
9070
2821
1020
70
43
501
3612
184
9533
7553
7247
820
5236
5531
1427
9702
1689
2024
2596
514
8994
5991
9883
1046
6982
882
1111
9676
6241
2259
7658
4
426
1305
2263
6417
2612
5210
1562
6754
9666
2618
8713
1908
6510
653
6009
8070
9419
8314
8565
398
7193
2322
6811
9162
1498
4479
246
9034
5027
7887
531
5772
6372
1075
7870
6071
1596
5059
3709
9740
3079
4101
2161
9961
5385
3021
7016
4833
5583
1223
9541
7449
3476
4579
516
1123
8113
7665
1256
5312
6489
2397
2632
5618
3108
4492
3418
2192
1242
3800
5294
3758
1347
8231
1551
4060
2812
739
5557
1005
2557
7350
526
4859
6457
8949
14
840
5429
4527
5605
6776
9564
4405
3536
7934
1954
1323
562
3541
6232
6208
7412
9872
1167
8651
1387
3347
8481
7398
7978
6819
7836
2400
9831
1419
720
8798
4018
4834
2700
1025
835
8985
1924
782
8051
4793
6581
5977
1503
6172
1052
5315
856
3898
6052
6407
9486
872
8046
3151
2014
8956
1270
3948
6313
5987
2355
6822
8167
9911
8767
528
5036
8635
8280
9424
9610
3017
5783
270
4519
1743
3391
7947
3345
8100
5704
7187
4207
8673
6972
1942
5097
8846
593
5283
9371
3018
3417
3974
2262
3792
3126
3812
6839
2486
1010
4788
9644
3111
702
657
132
276
7977
1949
5063
8422
3875
1320
7222
2696
8387
3202
1588
8834
5894
1565
4485
2568
3001
4998
8565
8949
4857
757
8189
4594
2296
9586
5441
2028
3139
8235
6014
6325
9970
6196
4818
5561
4975
9310
748
1715
2459
155
2774
3249
5149
2593
4911
1990
3404
2893
734
5998
927
6953
7108
2919
291
2017
9522
1471
4477
1507
6539
2808
1569
582
6651
6659
8531
764
3080
1804
859
1514
6871
5634
3150
2807
9986
9770
1194
1683
7657
8612
7890
7099
9399
2718
1883
6842
5798
6823
1222
9154
469
1015
944
491
3225
5310
6422
1003
3058
170
5692
8087
9024
5980
880
6824
9589
8925
8907
3650
4076
3069
2952
3297
4171
4845
2696
9845
3413
9918
532
6191
8803
3993
7765
636
5204
4320
2881
4450
66
8548
8870
7865
1304
3497
6140
3900
6913
3607
582
400
5505
8707
8442
7828
1082
221
5393
5065
136
107
849
3347
4158
1462
7673
1217
1877
5715
5564
170
4033
2580
5505
937
5479
6608
1850
7930
2924
8033
6229
9029
544
3004
3504
2075
8635
8135
5840
334
6198
2118
2339
454
6925
2134
3347
6225
9459
733
6174
7403
967
9665
4981
2878
7477
185
6050
7451
4672
2017
5662
4890
5791
8194
705
7598
4806
5169
5867
1741
5991
3734
6450
7519
8040
1393
669
677
6630
9832
9841
28
186
1107
9882
289
2923
1084
4668
8407
5285
2673
6362
7126
2008
188
4967
599
4724
1813
7115
6398
3603
885
8056
6423
1751
1919
7021
5076
8999
4379
8507
6565
8788
5506
9831
3561
1600
9841
8751
6917
129
1015
81
8675
1347
4113
792
1916
5756
7545
4423
5208
7283
8714
8843
1989
2851
9224
8525
9255
3565
6029
7541
2943
7180
7062
7653
4111
221
8976
6165
8205
3422
9821
5610
7958
3958
7083
573
2565
8582
8519
1369
100
4974
4350
1157
2610
7747
1652
2803
8533
9792
7352
6359
2498
9082
5576
444
8843
729
7457
5428
7672
2691
5770
6639
7193
8619
9889
7358
8203
9963
5414
8567
8489
4317
1367
9692
7925
9552
5915
8983
9255
4072
131
569
7669
1527
8142
6804
8452
924
6236
2949
2590
6009
69
2198
2388
1033
8075
8242
6357
4433
7277
4299
4352
1575
5326
4265
3911
8528
8789
2163
1557
4190
2598
2595
6609
2090
225
8533
195
1070
9945
1952
3174
9223
2296
6216
2270
2137
8097
3747
1965
5379
3222
9419
9921
1012
2699
9811
1183
4414
9883
6174
1062
5929
7737
2748
6573
8892
7353
8934
4047
1128
2433
9084
8745
4261
7626
5197
7664
1489
1163
3975
136
8422
728
2447
8451
2748
7479
6388
3303
8559
4403
9119
2723
930
2212
3693
2226
3363
6191
5584
3777
7985
2298
5043
6030
9132
1299
6077
9346
1116
2161
4151
7856
804
4571
4481
4222
4904
1800
6402
5700
93
7623
5071
6979
3296
4671
3214
2872
5785
5161
9259
6944
7153
6285
3947
1934
4083
8619
63
7419
4431
732
155
9517
4772
7895
4280
5307
6991
8087
7382
8448
4223
413
9606
2527
4059
4675
9751
758
5910
6593
7775
9365
2145
8659
2269
2464
3746
3258
9868
7475
2852
4658
1915
4151
8655
3908
411
8034
2681
9677
7512
9027
1165
9247
9804
7390
3947
9302
5792
1700
5104
7341
2148
5112
7864
4594
8833
9341
4993
4488
1404
8900
882
9244
5550
964
4091
1418
9107
6986
3647
6352
9024
2324
7215
7891
5944
2313
7849
9313
16
2764
5281
8167
4897
4816
6142
4020
350
7853
777
8877
7623
9331
3793
6242
1230
5503
3267
2065
9176
3308
4648
2650
7573
7868
4750
1251
2579
1831
4812
1917
2384
1811
8896
1590
47
133
1276
3312
5886
6231
7361
8594
4677
2971
2714
1085
2545
1790
8908
322
2625
6400
1212
6786
1169
2595
1154
4294
8534
4274
9116
9072
1816
2420
1718
1266
359
5441
6185
8061
9623
2884
1553
1405
222
9505
4004
6723
2672
7418
7056
6259
200
6685
4724
8960
7402
5312
2657
2052
3062
3455
3666
6420
4048
2805
58
3683
7326
4441
9021
4773
3634
2555
706
7911
6185
9648
8183
7022
2675
8458
7062
7245
1379
2843
1798
3051
57
2235
3269
7925
9694
2520
3829
1583
9936
3054
772
5392
3951
9096
2097
239
9575
165
5483
8777
7695
670
9932
5061
3201
7318
8822
4553
5451
115
445
461
4198
2525
309
5377
693
4565
1901
3099
2687
3432
2333
1315
1969
9620
4651
4931
6990
809
5396
3033
4152
2563
6394
5903
2788
3816
8313
1213
6600
1997
1134
733
8312
8910
4410
3472
2594
2013
7107
7023
8935
6075
5451
3668
9083
2789
86
233
542
1456
9430
9777
3692
1880
1641
8294
626
7942
6518
4163
8818
240
8499
5395
3241
2597
6747
4106
5134
5545
2830
323
9358
3294
4153
265
38
3636
7031
585
4481
946
952
935
419
3429
8370
2961
7188
4328
501
4866
4833
389
4099
5191
4943
8363
1808
2007
9553
6865
2150
7486
8061
2041
1308
59
2778
5449
2744
5803
6477
1062
5570
6805
5476
8577
43
2616
9138
9479
6175
5921
572
1779
6423
2850
1731
6695
4625
7503
5827
5932
5075
3914
5964
1142
2030
994
2287
5307
4176
455
1019
8228
509
2210
440
1413
5983
5347
5491
7306
8923
7226
1772
6467
3653
2010
2573
2722
6311
8218
972
9266
1310
1454
7410
5130
3046
4918
3981
1314
743
5558
482
742
5232
8646
6695
9816
7971
5066
4849
4667
2977
4276
1833
3069
903
1064
484
676
2985
5681
2435
8876
1950
2242
6328
2112
1628
6512
7547
9832
486
1342
2364
9841
819
6601
6057
8227
4721
8293
3698
1983
8649
8167
6731
3992
4677
4852
7442
500
2383
3178
9170
3330
7788
1022
8999
3134
7289
518
6946
3778
9444
24
6511
336
3359
7698
4614
3806
1872
1836
9183
8160
8492
2827
106
7132
6709
4663
3933
8474
18
7903
4399
3915
2079
2827
9589
9420
6692
7282
6570
8795
6746
1965
3429
1049
7786
9163
9957
272
1992
3415
9728
1206
9441
2248
5405
4179
2897
999
2174
1056
6409
1574
7315
4016
9471
9135
7386
5763
8741
7210
5083
9849
2286
579
436
8836
1278
8284
5648
9601
1810
5502
2717
1001
7905
3254
9277
2306
3297
3582
2893
7643
9228
4281
8613
6968
8772
2339
6800
5435
5653
6312
5421
7396
1818
4660
2740
6266
5395
2411
6749
2026
7749
1482
9581
3135
1907
6573
9874
788
427
4114
3010
8438
2852
1710
7727
2668
6791
5119
4590
8043
2955
8962
951
5685
9093
7750
671
547
3936
7265
4293
9875
8698
6721
2410
5075
15
1925
4084
8846
969
5213
9029
4886
6040
6847
2823
2036
6191
1068
5403
8908
2255
4066
4851
7220
6488
9843
2444
6294
6781
4166
9119
9891
2167
8573
5642
6155
5805
166
3067
9499
5763
4246
10200
2006
2560
1043
806
4247
2100
224
704
6917
2938
1663
7959
8296
8842
146
5858
9996
9890
8962
6965
3683
5366
8068
8838
8656
7238
521
1183
2321
8111
5029
3155
524
2261
5714
5620
5038
9343
7381
917
9439
4931
6321
3692
698
2387
9851
6602
5548
4232
1406
8909
8347
7967
5456
3910
3961
4513
1204
7063
2376
8247
7825
2639
272
2765
644
1641
2864
4135
3777
4977
2945
7010
9280
3129
8305
8588
1062
9948
4255
6854
5776
929
2002
8264
2967
6193
3630
1142
9873
5308
5753
7794
2116
2473
1259
547
145
7517
5509
5156
4334
8014
8548
191
772
9928
2182
300
635
1823
2060
5348
4722
1575
1024
9787
6515
2305
6633
2254
3174
4790
9564
3609
2133
296
5365
4316
2433
631
3479
2479
8723
4738
7536
9875
4933
2639
5489
7307
1874
509
2316
3387
6490
9831
8350
7455
1227
5052
1040
9680
4429
349
7480
6707
7484
7798
4645
7170
252
7104
6604
1407
3064
4982
5836
933
3195
2391
6873
9089
4531
2172
246
2418
3858
8955
5172
3117
6983
6827
635
9636
1484
1096
3126
9496
8065
4553
3028
7212
7482
7328
7436
3100
9925
9234
1249
2622
5358
3512
6006
2055
342
9797
4020
4433
3505
937
937
3852
1806
2374
5539
8883
557
6577
4989
9616
221
8026
7386
322
5299
4895
7856
9486
3857
2030
7286
6436
1286
1834
3585
9540
4723
7024
907
3041
6638
6507
1654
5364
8474
7092
6047
9188
5159
3374
8742
8868
1206
8033
925
6765
479
7669
2464
1118
3094
8562
1028
2721
3676
1925
1330
1809
5074
2613
5589
4089
5603
7895
1586
286
6210
8735
9865
1167
9938
2344
9385
3211
5797
9510
9800
9044
5399
9481
9651
2707
7851
1909
8034
9597
822
7088
7520
6052
779
444
2922
9505
2807
6070
486
9248
8991
7405
9334
8748
4070
9239
2941
1069
2450
9744
4801
5744
5265
1205
4369
6966
7561
1968
7433
1262
6621
2132
388
6391
2135
1212
2401
4529
722
735
202
3204
6167
8327
1440
3636
635
5154
923
7795
6070
3912
8593
5991
2583
1375
4292
2462
5334
9291
1297
9694
2266
3369
261
3874
8652
9038
2627
4946
188
332
5301
6642
147
4613
3343
8078
9
1619
1402
132
9079
9543
4015
2227
991
1104
3649
2995
9035
9550
9105
181
4547
3079
188
2011
7364
394
5144
7083
2109
339
1375
2673
1483
1727
1307
3171
5400
1664
7938
7288
2047
2051
1316
203
6963
1935
4931
9293
208
8001
2209
6857
8626
5046
9777
172
677
6872
6135
3349
5757
3901
7809
1337
9943
252
1770
554
5616
9826
653
2632
7524
6436
2615
3448
4265
9686
1648
709
9614
7787
2139
8868
6958
1789
1355
5725
1289
2416
9192
6695
468
3970
7779
9602
48
5894
5815
6875
9529
6609
7921
9227
48
5588
4673
4337
5035
6139
1104
1826
9995
9941
9524
5902
366
7334
2115
196
39
6089
7013
617
2875
2234
7180
9669
2764
6707
4696
7630
7147
6789
9142
7065
7834
281
7193
3022
7008
7351
6092
6924
7776
2311
7943
3725
4204
1671
6432
6507
8054
4845
8003
4691
6280
812
8469
9593
9973
1404
8774
1628
239
3877
4741
299
1081
876
1752
200
2448
8114
3196
6140
8598
633
74
4187
495
1833
5243
5577
1840
5218
9677
3502
8516
1634
5125
9894
1073
2745
8584
8220
7243
7355
6165
2776
3671
2853
1798
5414
7523
9188
2791
7609
84
4067
4309
4143
5791
5283
3275
6951
2652
4400
6952
3249
248
2594
1653
789
1914
9681
2070
4534
1128
973
3120
8040
4235
6812
954
3216
5697
2837
3510
859
3537
284
8145
3762
9476
3759
745
7100
3730
9169
2159
7908
506
3093
8045
9421
2023
750
6282
6547
7695
4452
1867
1028
2317
1241
3020
1470
3266
5596
2240
5115
5015
8686
950
9291
9302
499
1660
7728
1994
1420
2264
9232
8388
8499
3620
1558
5679
6838
3978
5242
3879
1783
6928
9138
4981
6979
8134
6889
4894
7202
2430
6527
1485
7183
7803
7522
3085
7481
1053
9163
812
3704
8875
5052
8588
5683
419
968
844
6722
4254
3219
1143
160
1079
3932
203
9987
2141
1192
5309
8895
5783
8178
4667
9880
5656
5791
4241
2647
7748
1430
1072
5390
1009
2048
5868
3023
2577
44
7461
4298
6383
8087
9321
1045
888
1130
711
5809
7228
2180
2071
651
2260
7305
9961
3233
3335
1979
9019
5445
520
7016
1806
3734
7858
3605
587
4861
8647
6409
1922
8581
9812
7997
3844
7408
1178
4451
7378
3413
1289
2659
5572
9486
5613
3614
1983
3281
9837
5581
3729
9597
5778
7034
4031
3880
4949
3025
1473
9814
4812
1848
7067
5405
327
2717
7439
5415
6101
703
1362
1351
8556
2591
4573
2847
3385
968
101
6721
1573
5565
3052
2021
4345
5059
745
555
3523
319
9014
2466
7209
9536
7720
9560
2189
4255
8436
5506
9762
4694
4736
3294
8974
5872
7896
2455
8609
2928
1827
2602
6821
9748
1733
3911
9142
1595
8629
3609
3923
9876
4834
8905
8533
5113
7921
4351
464
700
3530
9627
2825
5393
1557
804
8823
3549
4431
5999
8108
4444
2193
5090
4037
2025
114
2425
1344
1306
3580
3544
6670
8330
8925
1186
9737
6683
5391
2042
8696
6219
6713
2920
4209
5927
2327
2255
4558
8910
4200
8204
6963
2935
7143
3473
782
8532
4141
8995
384
1321
6244
7681
4156
1160
271
1174
2797
8207
9832
1713
2300
9989
7577
4803
9395
9120
9536
2216
2812
4091
1757
4233
6813
2742
7373
6625
328
4254
4284
1023
6717
159
5415
3996
8948
1623
7296
8398
3480
6108
165
331
8565
7265
8547
6194
9350
7493
6582
9303
2088
1772
5556
9053
2019
2371
28
6841
2282
7486
4921
4644
7361
6036
7403
49
5486
1821
184
6656
3043
9275
8990
4450
7723
3847
7645
3982
6067
2189
4387
19
2763
2410
8583
5295
9037
21
8698
6000
6429
4300
4955
265
2049
6864
9434
4055
8387
8868
255
1252
2069
5218
3660
1276
1877
4383
5728
3790
5329
5120
4782
1525
8156
2541
9421
5400
4274
820
8961
1103
2728
6849
7194
4263
9847
4716
3483
3815
6907
3188
3357
8996
1095
1147
5205
370
7771
2994
948
5516
1177
1287
4350
7798
6228
2011
2254
544
698
4057
7303
1502
7476
5060
6205
1750
2539
8592
5206
5017
2173
1284
9243
9894
9984
6734
3875
6412
2327
951
8130
5022
4211
920
3357
700
4043
1214
1330
2335
9534
4251
502
7204
2680
4941
7694
4878
1236
4418
2242
5701
8258
204
4959
5459
6857
273
1901
6433
7102
6230
1088
9677
4982
1182
1282
4447
7144
1085
2033
4957
5798
4546
3476
7803
9453
3044
7428
6230
2539
588
1449
9027
1105
308
387
1475
858
2526
5194
8123
5531
1192
4776
5585
8906
3390
6821
6681
1876
5873
1507
257
5529
7783
3131
8009
9083
9234
6775
2664
1304
4117
594
3274
8531
6965
1005
9694
2154
3948
1652
3216
1219
5972
6976
7586
8585
1330
654
6320
5830
5904
800
2660
3024
3728
8354
3191
4729
1150
2703
2538
1714
7254
2197
1844
1296
4389
5127
3372
1938
6388
2850
2409
2417
1250
8306
4792
8712
4641
4373
8478
167
6517
5488
1486
6371
1848
8945
2765
9728
8049
6709
7413
673
869
763
3255
7567
2879
3896
1732
5193
8621
5116
7678
4779
3787
4981
9514
6706
6500
4322
5081
8990
1893
5051
1399
1913
8532
9456
2339
9287
1425
1423
3120
1646
3837
8938
1148
1849
4968
6823
8271
9624
4655
8458
4422
8601
8118
512
5569
6541
401
3294
5946
1044
3994
3497
1959
4250
4334
887
4337
8791
1625
2310
9765
9121
3651
6891
1515
1589
2042
7950
2454
2262
4354
4868
7627
8820
2091
6781
3813
3217
3378
527
8776
6944
8091
435
9765
79
9501
3454
6302
5495
6766
7667
7882
305
273
8470
5467
8876
3260
2452
5246
5628
5583
18
163
5012
9634
1267
2766
7223
5551
7246
861
251
2768
1071
5690
3280
8442
3821
3667
6832
8282
8620
2281
7271
2286
9508
9238
437
6631
5569
1890
8801
7597
4332
23
2464
2452
8746
756
2839
2271
8356
7375
6397
9922
679
1038
9828
5259
636
6984
2106
3684
6362
6504
9275
6274
9515
4178
3177
5170
2605
5289
6350
6581
1914
4783
7265
8328
9594
9310
8136
282
3511
3079
2685
9224
5665
1385
1188
3755
3459
9157
796
10200
454
5600
4900
214
9989
9528
5871
741
2768
922
6635
5646
6084
5443
3982
55
9787
1461
9443
4328
8817
6157
2132
3658
4199
1043
7079
9119
9371
5442
1486
5075
3287
584
986
1777
8872
1344
1936
216
7026
4702
9039
368
9379
7050
9056
2040
8133
4513
4111
5010
1288
1609
6857
2289
5583
5828
3782
9009
6362
1750
5706
1576
7316
9514
8166
2795
6094
9105
4964
6548
4715
9581
1203
4947
781
8078
799
6467
6273
8970
517
2622
8230
2322
6389
4724
1955
291
5833
2472
9945
6346
9621
219
3367
876
9792
2029
5261
9109
418
8768
772
1711
4558
8816
4028
6581
466
3296
8677
4072
8060
9927
7858
3538
4896
1115
8282
7721
1559
3788
3777
9846
1274
6772
2327
199
8543
702
1967
5538
3939
8149
195
1515
8793
5566
998
1272
8417
1336
2650
8866
4397
1074
7603
3919
3953
4926
2364
142
2009
5862
6264
7986
8878
4780
684
8979
8124
1430
8251
3233
5806
7577
6353
8155
155
2949
3861
4911
7958
9938
8329
66
6512
9913
4115
3410
2544
166
2065
1082
3094
4061
5032
1622
2524
9402
2222
4680
4958
6525
2601
1082
8172
7718
7143
6757
7613
1182
2927
6449
1494
6230
6984
1422
1340
7219
6025
8147
4294
4155
6385
8340
7910
681
8616
2265
5242
5271
4629
4573
4798
5228
1025
8629
6132
2548
1595
6722
9463
4640
3262
1656
1612
8957
1649
5423
7913
697
2877
1081
7467
7523
4388
7382
6115
4946
3071
8245
6400
4170
121
9132
1651
6474
4907
537
1119
6585
8807
6186
6720
4627
3609
6954
8301
9102
6490
3293
2449
7746
1735
3054
4966
1448
2434
3478
1155
241
903
3008
1080
7355
6514
7563
550
592
5919
6592
3045
431
706
9252
9728
2143
7464
8352
660
3729
8509
2223
8793
7158
7807
24
2640
3185
787
637
1966
9646
5527
7891
3463
2162
9992
579
4783
373
6645
6160
8157
9694
355
7066
1553
9581
9234
9746
727
5983
2000
6447
5212
189
3821
3072
2672
4998
7007
8835
4045
3167
7879
2118
5144
4776
1267
7628
4197
2769
8885
9266
111
1596
2580
3970
1816
4564
8081
7383
2414
4015
5165
3395
2064
2256
6185
8398
191
8000
1487
9552
8376
510
2575
8960
7888
3620
4955
2429
1361
4428
6423
5517
9973
8371
572
5813
1168
6109
9612
2633
9810
2057
731
7540
733
8470
3292
1785
4965
1078
2985
235
9734
2
3447
7883
9802
5967
201
9136
8170
8927
9492
2411
6212
8330
5891
7179
8511
2927
3115
1982
6107
422
9794
1018
2556
872
4444
9675
1401
9200
4790
8141
1151
740
6311
5165
7468
6863
1747
1707
4777
1233
4770
2562
1943
7562
7393
6923
1005
7890
8167
2575
4672
1660
3514
1308
3733
2892
9234
858
1315
5111
4095
958
4989
7674
663
4975
1038
4670
2707
71
6821
1546
3690
3708
4916
1002
6766
9871
5139
6334
6950
2836
9050
7174
8651
788
415
5964
2631
9247
1164
7634
5386
7878
3557
5454
5215
6601
6377
6596
6255
124
2039
1459
5829
3167
291
8594
4066
9581
121
7756
4705
7381
9120
1673
4797
1640
8083
144
7121
1106
9276
6137
8753
6829
5730
1192
664
4450
1221
9319
2865
9265
5351
7795
1050
1683
7869
6362
2181
8350
4486
5811
4816
409
475
415
4376
2017
7704
5182
1642
587
9690
533
4347
2778
1402
623
1384
5284
7945
3905
9680
9168
3772
466
7360
1282
4858
3643
8527
5514
6723
9387
5420
6778
5043
9199
2644
8807
1271
7760
1577
6962
5551
6813
687
1127
1493
4715
969
981
9102
6425
5603
4703
2574
2921
7521
5715
3105
316
7192
841
4647
3229
1099
5390
7695
4369
3226
7634
4567
1485
1525
1854
7411
8745
6359
8778
5180
5828
4993
8542
6347
6264
7908
5015
5287
4463
740
13
1866
6805
9561
1139
7099
80
119
8574
7943
3886
9808
1161
4401
9662
8072
9240
461
6178
2778
9676
5431
8787
5482
87
1513
8885
6698
5216
6460
4092
2672
9865
7807
9615
4312
9183
8406
4076
1030
8242
9941
5181
3375
2485
3069
9754
8713
3752
7301
9503
9728
8197
3469
9807
906
2855
6607
4760
4909
7458
1672
505
3727
543
6694
3025
6798
6486
6689
9050
4994
6961
2478
7302
8816
8975
2194
6153
5696
2374
5172
2424
4289
2988
4311
4800
4491
9208
2742
5977
1077
1556
3057
6556
5224
3510
7
4628
4132
8832
3860
2993
6226
6885
7293
7074
1081
6732
8889
2948
485
4442
1490
3653
1909
1435
1228
2142
7604
3856
8438
6865
6570
9904
8239
4800
467
1512
2795
862
1792
2437
7318
6361
7085
8052
9687
4632
2420
3367
1289
1153
5456
7179
5542
9055
8100
2424
1285
6066
9132
6632
2390
599
52
2556
3099
1946
1976
7947
1353
7641
860
6093
1023
8235
4685
87
3447
3424
6216
5223
1323
5947
505
7394
4025
1197
1206
3580
2569
6036
1645
5256
9631
8132
6859
9377
2845
9940
8719
1336
2778
5260
2479
9023
4424
2926
2585
502
1459
4675
5916
4611
6406
2199
9208
5319
5506
1496
7939
8495
1425
1210
9694
7032
3672
9263
1319
6199
5404
3813
1649
5319
2646
9024
7857
1956
761
8906
793
4696
1251
1224
570
884
515
4479
1589
8002
1498
7446
5076
2264
2453
9374
1511
9920
4362
1568
8897
4821
5264
9365
2628
5888
2868
7548
9337
9892
4298
1575
1301
423
3296
5383
9289
3826
5881
8746
9657
379
2617
1553
2223
7025
9580
775
80
8695
4492
399
7887
1317
5171
1021
1041
4155
8301
5528
9329
8263
321
6030
9781
5017
9938
1081
6785
3029
8529
656
1866
2505
2422
2401
1821
2576
2223
2590
9297
1558
3191
2725
9419
493
1658
5668
7184
9119
5672
2669
3072
9541
5145
8758
6657
9239
2624
20
602
1285
2739
5562
8657
4022
6346
1884
4679
8526
821
1689
5042
9061
8067
7753
7451
5894
3984
4355
6106
9365
9118
289
8638
4933
3336
1480
3265
3433
4051
2755
3884
121
1046
207
6919
760
4460
9676
8899
7683
9607
802
7948
8572
295
9075
8777
2568
3499
5056
6533
4133
4647
4719
9699
4385
6023
1770
8462
295
7714
2075
9839
2571
2547
9335
7218
9832
4244
1529
8187
7127
8300
6193
4021
883
9531
9756
8555
1531
7043
2677
9179
9479
3978
2828
2759
6575
9821
742
2014
3176
2822
6854
4507
8705
7361
779
4876
1773
588
3737
1846
7137
413
9981
9558
1905
6232
1707
9243
8070
9713
4585
1203
4883
5167
3106
4387
1688
2370
9828
5674
7782
455
2043
2296
3492
8329
7602
4428
2241
250
5910
2011
5035
6018
3982
1768
7135
2102
152
6128
6210
3165
9541
6212
9408
6447
6280
9517
1411
5104
5691
4875
2167
6332
370
4910
4475
7618
2564
1321
938
2934
5432
884
4107
7906
9708
2609
7189
5181
8091
5633
3175
4542
6000
9800
4472
690
1926
5918
7866
3245
7459
2567
2276
6349
644
5190
2400
8421
7050
5757
6529
7449
1301
6264
9146
2661
2832
2187
571
915
1837
1480
8765
317
6578
6774
2145
8175
7397
8654
2979
4737
116
2616
9173
1044
9448
502
9513
6650
7675
4383
1726
2779
4759
1551
912
660
8721
3660
8137
4931
6550
220
7676
4145
3588
2854
9620
3823
6124
6694
7416
4085
1110
8101
737
5590
6679
9352
9567
7544
5215
5831
2665
2547
3125
2977
1668
7767
4135
5566
5862
4723
9628
6773
4412
7315
9037
4048
8136
9962
9315
764
5039
4048
354
4085
1042
9806
5543
306
9514
4600
7374
9645
9530
2249
9800
4070
7952
3637
3834
3960
7612
2427
4553
6123
2212
5531
6325
4508
7895
3559
4259
5498
3984
3947
3616
9314
974
913
2562
1998
3346
2337
8785
7353
8696
327
422
9494
9498
8951
1203
5809
4065
3125
884
3318
285
9360
1316
370
3143
6222
1555
2823
3893
5822
4662
7283
2078
3546
4799
4194
1022
3532
1007
5235
588
7090
7786
3977
7547
8181
6553
67
2094
8230
5957
4543
9343
2090
6803
9754
8785
6968
4043
7498
372
1040
8654
2400
2714
6975
2631
3960
6776
7520
5297
7715
9054
261
1385
7847
7611
1286
2661
7669
2619
2104
7653
3276
8834
802
4201
4460
2077
2221
1716
2653
7767
922
7679
6593
1897
7880
4209
3959
5270
9126
7069
1201
4758
2198
9565
1497
5633
2018
3694
463
4447
3747
2699
1366
9709
832
5695
2736
2627
3044
6805
1479
1924
1651
6290
9934
997
4814
6533
2455
8209
4197
1438
6854
1788
2669
6749
8149
7367
5154
9052
7817
4276
6799
64
725
1658
4075
9323
350
699
5142
2086
2768
2964
6596
7662
7247
9268
6505
4380
2240
6033
5142
7673
6744
3815
3315
5137
9396
8995
3726
3991
7243
1152
2307
5866
3330
3103
5148
8359
3983
3372
4394
1951
2608
4206
1221
203
9804
5551
6320
5837
2777
7918
9857
1976
2160
6865
8720
7474
9663
6510
93
4536
3774
6476
3191
163
2291
3973
762
4699
9529
3919
5785
5801
8223
476
3709
3713
861
6574
10001
2304
5292
1775
29
5778
6375
7616
5339
2583
668
3568
3800
9798
6120
2304
2548
2931
786
2932
10030
5469
2102
6892
4474
6347
6901
8100
1572
457
7354
4185
6996
8493
4913
7021
8371
6367
9107
2333
4269
2600
2501
6401
9255
6890
9442
275
882
848
4822
148
3296
1959
6028
267
3030
9614
1530
2143
2276
6858
8204
5351
6097
4125
8526
1808
3082
6264
6526
2400
4013
1902
8081
1672
816
7082
3652
7151
568
4980
3238
1756
455
2385
7621
4372
8661
2169
2294
869
5378
6268
6009
6626
4267
7767
6924
5792
1691
2148
6783
9856
484
2016
5927
4783
2174
3040
5111
4810
1391
8630
476
5397
8796
1889
1336
4654
446
6660
7745
7886
5929
8968
8123
2448
6377
1299
963
4597
7213
7627
4477
3558
4233
1174
1857
940
9735
2660
1089
5789
542
6719
1039
216
1846
5313
1916
1682
410
743
2036
8929
7230
2165
5576
7914
6403
4378
8796
5350
6457
3237
3426
3019
453
4760
2822
5784
2004
764
1916
6672
7086
9174
7799
1322
6926
8888
2251
5608
9680
3691
6613
2312
6380
5531
1386
2168
1267
9971
2477
3917
4487
9211
3893
7333
4512
399
3070
6458
4668
802
526
4698
7494
2003
3692
8102
2379
1311
2748
8
2329
9783
4061
6777
7033
7363
2247
7777
5294
4359
8591
432
7390
9940
894
6252
881
1794
2449
4380
5512
1454
7377
2229
1183
8991
1717
5907
2038
5437
7495
8042
1532
3843
1493
8109
2797
1188
6841
4127
9151
7132
2091
1000
5047
9513
7589
6346
4209
426
871
1396
575
5558
2140
6743
1137
2768
8781
1592
9062
6586
7028
5222
642
2312
4388
828
6609
1926
3063
4024
9211
5660
759
461
5593
6177
4658
7605
6551
3854
2152
1932
1386
2884
8167
8073
6051
977
3545
7982
9332
8702
3867
4947
7651
6637
3825
2653
6893
1426
2489
7093
957
3391
5213
2390
957
7876
9229
6839
1836
2950
1868
8074
8800
5663
794
1171
6494
2871
5810
4941
2520
962
9748
8506
5190
1578
950
5578
1400
6767
4214
3614
43
4315
8900
7404
1322
9482
9342
1510
4167
1898
3963
6183
6394
4752
1804
3341
441
7180
5440
5533
4857
6701
87
6771
8836
5208
9738
3097
5067
885
2712
3450
9533
8506
8100
6552
7897
2796
3325
1435
2289
7123
7982
4122
4304
3470
2199
2543
3277
7015
7899
4326
8064
6184
2285
5734
7732
3374
9764
7443
461
4716
5510
7123
1596
8275
4692
5152
2913
9313
418
1549
9585
9432
763
1261
921
2065
2194
9088
9489
496
8716
7391
2116
3834
2956
9274
6735
3540
3438
9584
4567
7821
5512
1967
8576
319
6158
28
2396
9154
9078
9142
1312
4641
283
7398
8429
4945
5686
5641
6510
6288
9017
9537
782
6539
5165
857
5340
5410
5999
6456
9233
9455
375
8743
224
6341
4505
3974
7855
437
6975
9388
1206
4647
9047
9374
7270
8983
4089
9986
6412
4670
5532
4308
4389
5347
1193
4601
4916
7537
5519
9266
6258
1339
9737
5027
933
1357
5645
1285
7364
9908
3767
9816
3802
9121
693
5533
1674
2442
2500
7795
3138
8162
2283
3984
3218
8235
9766
4211
7006
9016
8438
727
6770
3815
1383
19001
9734
927
18
4992
19
6775
20
5842
2117
3815
1695
7419
8593
3283
6927
4324
3576
8133
7200
5117
9644
5642
1598
1279
5027
6720
5724
9520
7386
2461
3385
1398
3068
9460
9201
6864
7635
7172
1056
2466
8270
5026
3052
847
9844
9160
6435
5484
3719
3726
7201
7458
8765
6632
3847
2516
2571
3599
9482
3058
1282
1477
1960
7774
2015
6371
4832
2941
1357
1397
8641
5343
9022
2361
2435
370
4426
9123
8230
9540
9735
7397
5880
7801
2234
2733
2891
6988
5101
8688
1878
3032
1585
293
842
6233
5062
4389
8616
5230
3353
2210
993
2483
1308
8740
2046
2045
668
7452
8737
4340
9664
4915
4124
3368
4429
2402
4321
8877
8258
6024
7913
4329
9056
2503
1913
9952
5337
2320
625
7245
1278
8225
8311
1476
9473
2092
2452
2358
5154
7049
6365
8388
4488
5358
5653
1192
1822
1023
7409
7488
9553
5729
956
1644
8871
5859
7339
2763
3378
9518
3764
5696
6580
1596
7243
571
9733
1960
8749
373
5491
6052
8737
5308
4298
8353
9787
1504
3604
8138
3410
7245
6675
1234
8901
4570
5533
575
7434
5313
1590
3111
999
9872
1732
4794
3653
3136
175
2896
9937
8356
3080
1221
7156
1075
9356
4065
8678
3274
2760
5757
5566
7692
9183
979
3550
8043
4570
8261
4493
6140
8096
9073
3668
3957
7462
3828
9853
2122
7368
5532
5080
7305
2040
1778
2144
6787
1798
5976
4542
2508
3298
47
8028
724
4046
5021
1229
7431
2535
5757
5563
1666
1813
1158
3169
4711
3825
7793
139
3907
4215
3813
3306
9726
8588
6645
8972
5890
1169
877
731
5647
249
4105
9700
3359
5640
8423
9404
9606
4236
8525
3070
5132
2912
6430
3736
9326
830
1017
2487
8913
8261
2226
2111
9625
1659
6133
1056
9721
7189
1641
661
8939
6901
7953
3167
3267
212
5097
65
175
5504
4495
2493
3202
663
5263
5200
9265
5044
4756
6857
8221
2761
3036
1823
6978
3982
251
2100
4736
1449
610
2276
6296
3103
1314
5763
2169
9722
3963
6342
6251
3196
8522
4688
2123
3442
8579
224
7497
6828
1659
2425
5263
4540
7353
7299
499
9309
8702
1184
9742
182
7282
2961
1438
4191
8065
5737
5208
6931
2790
1426
3682
727
9623
8031
3265
874
609
4306
190
2030
9605
4815
4127
6134
6835
65
8707
2415
2582
7676
8669
2564
3393
1858
4052
9292
1784
3321
9882
3079
7122
4109
9820
4234
3740
4578
5882
3383
8898
5773
7784
7521
7866
8868
5716
1950
914
8946
5017
6333
2683
4624
563
1338
6757
3712
2563
5791
206
732
6037
1278
3045
3247
753
6412
9284
8369
8815
9872
1533
8553
9455
3965
2643
5870
8823
1036
636
5599
2654
7886
2262
8756
9593
7728
8504
1636
6899
7632
3531
1096
1411
9278
5497
528
8536
8215
8820
7124
8792
5582
4378
9406
5882
3051
2599
6327
128
2617
6523
1742
810
7691
3198
4320
5047
2063
7538
3268
5724
1478
584
2295
6090
9474
7189
8776
2267
1616
9078
548
7661
5928
4913
7924
3714
7491
558
2725
3127
7789
711
3001
180
1851
2604
6476
1332
2079
8841
154
6438
3321
8188
5887
5282
7200
1378
5343
1472
2385
9249
7559
9621
967
5627
6531
1104
8252
737
1234
1972
5055
5878
9527
2966
7495
6214
5137
2442
151
7943
8365
7944
4642
1791
5418
9317
6896
7398
5949
5488
1778
2685
758
3994
931
5087
483
7705
95
8119
4
8703
328
2482
4303
1798
5543
4998
1125
3023
1600
3684
5108
7884
713
6538
3646
3642
412
5131
9146
6851
378
9667
7498
7986
5155
2406
637
1912
6036
776
869
2175
4160
2595
1451
1885
7938
1316
18
2844
5313
5446
2121
2632
2293
7268
7013
8824
4233
7769
3551
6832
8722
170
1577
1158
3151
7238
679
8084
114
2013
412
6365
1742
7759
2386
8867
7648
7222
3838
8489
8659
5927
2275
2837
9471
213
3942
7784
7794
6278
6146
976
6673
8330
7709
8190
1841
5321
9898
4852
2929
2061
1665
8673
8442
3904
1356
9888
5898
4470
1059
2733
5341
8366
1274
2346
7822
6837
2073
1330
9628
476
3981
3564
2352
5212
893
3345
14
167
4879
9585
7802
5312
1340
3315
5965
9197
977
6364
4936
6204
2135
9634
9240
2084
2118
9281
6715
9997
5494
9854
2914
7955
9702
4842
4903
4343
9808
7081
3873
1366
572
8387
4613
3086
901
2395
4495
655
3929
142
802
8030
6740
2206
1644
6944
6175
7728
1005
9476
7509
4403
3770
6849
6023
9330
4493
643
6816
3900
4255
9056
1995
6098
1497
6400
8260
7600
3319
3068
5724
5647
558
9718
5457
7514
8480
586
7645
6048
2109
4755
7870
8378
188
4144
4022
4750
5083
5961
9028
6195
4947
3917
2531
9061
383
3197
5009
4043
6366
79
7474
4967
2295
731
3622
510
317
9498
6328
8569
2467
2241
8313
299
2033
4600
4845
8629
3352
7375
4
4246
3299
2707
8395
2358
1454
8350
260
3652
7739
7565
3123
7230
6819
1926
5787
1266
2362
7945
9321
1123
6
5270
4254
8270
4881
3519
5235
1694
5309
592
9752
7916
5143
9964
333
5339
8687
890
1269
9011
6183
3024
2216
4764
7034
9390
184
7742
0
734
2086
1046
1983
4106
5861
3819
643
2287
9231
642
5217
8241
7496
4959
5416
6303
5760
7789
8778
5081
5580
2288
2314
1727
8823
9704
4101
603
9797
7481
3254
4289
152
8873
5605
3174
6983
5290
4176
63
4779
9209
8365
8188
7212
1013
3694
117
3852
3764
518
1043
6114
3538
6923
6722
921
1852
4668
2741
1290
3148
4021
7275
184
2181
177
2129
682
4450
9439
4856
1582
9866
8296
9688
1020
5767
2496
8645
4921
1591
955
4129
3309
7939
8210
5442
6551
814
1942
7141
7775
5295
7141
1667
604
1747
7722
9251
2008
7116
3337
9681
6016
1055
2347
8925
3024
5101
679
4135
2111
5568
9858
6618
6823
3017
6249
4790
3815
2167
4620
370
4348
6826
6557
8289
974
2616
6825
5285
6919
2528
7414
866
3449
9950
8878
9012
2080
4479
2810
4915
5862
3189
6323
2182
4454
1421
1285
518
1955
7454
726
4853
8090
5765
6389
2974
6452
1343
4326
5134
6129
9510
2317
6355
3154
768
7272
2756
725
1716
2562
2626
7750
4527
7702
9726
7060
918
2673
8923
1970
2493
3771
1012
9759
5255
5398
7633
6728
7679
8088
3398
9564
4774
1638
797
7233
925
5170
2662
2405
5286
1015
6683
6647
86
2369
9545
871
7166
9938
2380
8763
9066
5523
7897
3796
3561
6984
7490
2625
5647
4231
8838
8066
7383
3610
3223
2319
9341
4003
9856
3626
3243
6656
2583
7026
9106
2495
8863
6873
2635
2787
5505
7304
5998
4311
4252
4930
1299
4722
2778
7799
8008
5437
9909
2762
1523
3873
442
8948
6439
6228
700
1802
1532
2613
9132
1725
634
5734
7368
2497
3222
26
7298
2624
2545
6719
1283
8799
6973
99999
5344
433
6258
2639
1995
155
6496
7170
2572
7721
5845
2556
2946
8031
8449
2191
148
8113
1384
3534
6141
9927
4407
639
9000
891
5003
354
8824
7493
1439
7857
2044
8153
3397
7800
177
1503
9495
1190
279
6532
989
4724
6808
8159
7409
5030
8295
1927
2338
8368
5958
9491
9558
5484
698
33
5636
3849
9171
7851
672
3605
8582
4806
1160
3902
8157
2813
4527
8261
4771
7183
8504
1028
3896
20
6950
6481
6779
4501
1521
3732
7289
6268
8859
5590
257
7418
5443
6859
1546
392
5770
8977
5671
912
7252
2185
4874
5469
9026
2581
3334
8768
990
2483
1049
9589
726
3769
9354
7237
4620
4145
2000
1789
8685
6631
1620
6638
6929
65
2103
7622
2947
7982
102
1520
6418
7682
3421
8375
6
1297
6570
3217
3622
9434
3732
7594
282
1526
5852
4365
1597
5152
4418
9563
2229
6151
9275
7957
4102
5170
3921
8492
772
3108
9212
2812
9368
9217
6592
6883
9604
655
87
8056
6474
7712
2640
3978
3978
6255
6647
2951
9450
552
3031
6783
572
7406
5486
6167
6938
2135
4241
5634
8469
3178
6415
1037
2782
1101
1338
5562
2308
7080
1107
879
9424
1406
4325
5135
829
1868
9893
1194
77
706
3256
9857
9911
7219
1366
7197
6917
248
2766
1968
2077
9961
138
9739
382
8670
1539
2658
6030
1635
1864
413
8321
3931
6108
6672
2205
5222
9821
9054
716
8694
2972
7177
6033
8126
1338
1501
4254
8748
3360
5790
8294
4329
418
6367
1854
3822
772
1172
5498
7257
7901
2682
7749
4192
1163
645
4592
9509
3976
395
3503
6923
1452
816
5377
4536
2066
3440
3439
3436
6815
5684
6166
7329
2305
2895
2856
3938
2308
7785
559
2593
8075
6542
3796
2116
7900
8327
9599
8096
445
3609
5920
3289
2126
4828
6734
5497
9063
4671
9390
3903
3620
8378
7094
4649
6926
5205
8850
197
5275
1159
8950
2628
7321
6449
1285
8656
8887
2972
6722
1760
628
992
341
2250
9196
2486
4017
232
3920
6913
6836
5230
8422
2584
366
9386
417
935
197
2029
9570
3639
759
5289
5583
9691
6546
5788
851
1517
2273
380
3701
3832
8952
979
7182
743
3490
9838
3237
3021
3704
3520
2798
1767
389
6508
531
6095
2600
2658
3712
5090
3962
7609
8885
9156
4641
2047
2984
114
3219
2317
457
2857
7135
3215
1370
5766
2073
2818
9695
3149
9428
1438
786
301
3925
3926
5563
2291
2197
6333
8685
3519
6119
9564
6564
7796
9371
5922
8638
9668
1650
9499
1159
555
4547
3715
2906
1242
733
5085
6517
5815
2174
7135
7820
9011
5620
1425
8817
3965
6626
5558
6866
1685
2677
233
5731
1395
503
7996
8094
9225
9236
6797
7688
7782
2347
5498
3702
3469
9399
7190
7471
9605
1615
9788
9028
6242
9707
660
2445
8388
2264
6628
326
6030
4205
1641
2346
4106
383
1574
1327
2587
8306
955
2466
8227
2129
5370
8756
4566
2048
1558
5174
5934
8927
5133
3696
4017
1074
6232
6376
128
4223
1328
3601
7745
3623
4915
7378
143
3481
3751
9705
2768
3540
8894
1232
8408
2523
1163
8302
9261
7774
6325
7249
4586
8486
4393
3578
8039
1424
7380
2153
7657
4655
3537
2620
1702
1739
1360
7874
9324
9614
5416
2597
6466
1969
9406
1959
447
898
3430
9499
2569
6329
8730
7400
2641
8940
9817
7354
1534
8655
2449
8025
6743
8911
4320
7470
1989
1713
9687
1426
8759
6262
2945
2458
2360
5747
8690
2545
3758
6126
7587
3668
420
9819
7885
7107
5547
440
7444
2326
1405
4709
5495
9391
8754
1081
6837
3471
1910
1825
481
1707
6698
713
6505
2512
1113
7680
355
4820
8895
279
1769
1824
3493
9930
1384
9467
6048
6339
1571
3800
8235
2187
9677
6659
5122
6755
6967
103
3985
5474
1734
164
1451
687
56
1839
1535
7393
5417
5003
3704
2469
2369
1911
3381
9008
7616
7047
792
7029
3054
8471
2898
6041
8332
781
5647
5798
7150
1007
4414
1181
6077
1557
4164
943
3048
7520
7185
2398
1227
7083
4403
5007
2339
6033
9194
1747
6224
4032
5420
8870
2700
9964
1641
3575
6667
6022
7425
8506
851
6750
6917
9818
3550
6727
1580
2211
1486
2490
3607
8094
6385
5598
39
4478
2885
8759
8189
7964
414
5148
5010
4190
6181
1598
1000
2749
67
5493
8689
2214
7022
3133
3358
7377
4371
8753
7739
3953
4101
7686
25
9467
292
3932
6956
6202
9010
6048
2374
5362
3570
5669
3635
5124
6354
3621
8423
1106
3019
4546
4965
2996
1174
4578
3122
7737
7857
5099
584
2673
1715
2667
4879
9387
8060
475
2633
7003
1200
6324
2973
8463
9253
1411
9272
4241
8171
3209
7806
6847
8492
150
150
2890
7076
5207
6503
9900
739
8238
2589
2541
5104
6689
3057
311
6672
6933
4616
6905
9272
9404
427
2441
127
4268
7191
5614
9303
1699
565
2220
253
1512
2669
5441
9519
8836
8550
9680
7151
1184
4593
4764
4373
1472
1431
887
3289
1089
3280
203
2993
335
3318
361
1799
6682
8266
7584
3983
122
9029
5665
7784
6689
4848
8465
4320
3439
7992
6318
5869
5804
268
2053
5114
7361
3322
1043
4174
1272
4602
2698
4227
2789
3288
9335
6214
1637
8967
1698
4698
6438
7508
2438
5202
4279
9081
209
8319
3922
2771
1406
5846
1735
583
3089
6710
7163
1264
1362
5768
6352
4620
8926
7560
2903
2887
9899
1027
5427
3064
3771
7729
8304
6763
8450
1269
6196
7823
8731
2147
7653
49
6119
7906
1931
7640
8056
6802
615
9778
318
1919
5747
4975
9391
1366
3740
1117
2172
5767
7662
5460
8354
4844
7535
4003
9198
9385
7663
9129
5285
1925
622
1737
5059
7512
2655
6376
3106
9589
4379
1529
8733
8346
7721
2907
6101
5045
5292
6193
9700
4601
1261
1122
1504
4370
108
3954
8066
357
8913
3889
9864
332
1287
2354
9640
305
7947
1791
8662
4760
2049
6699
4248
945
5545
5720
2568
1790
8944
1083
73
9106
4153
2316
2477
123
9997
6722
790
2402
1793
1358
6732
5537
5031
2246
1935
1028
7928
1718
3886
3026
1377
4690
3463
4717
8571
3551
1039
280
4079
2434
8772
8266
8649
5209
4801
2481
4268
2697
8226
8376
391
5320
8889
2267
6935
2668
832
2906
3261
9587
3904
1660
2577
5813
7025
374
9463
2134
2499
2989
5937
3344
9165
2936
6533
6033
3507
73
752
3185
9117
3006
3179
695
5302
739
3470
5788
1411
9962
690
4432
885
653
7259
2363
3472
499
8662
2807
9436
6178
7758
8892
9739
4149
1206
8316
2365
2558
370
1473
4561
6732
870
9699
9213
2192
804
6830
5567
4701
1968
2579
197
6559
2262
1390
6458
6781
2687
4200
3074
8833
1407
606
5800
7576
3842
6722
1109
613
4809
7296
8004
3563
255
5684
9828
7195
2033
1930
318
5962
462
1494
8711
6951
283
8085
4760
3852
5834
3315
3372
9266
8443
9230
6074
762
6163
5979
3748
5945
4381
9608
783
3219
1439
9298
628
9036
2718
904
5030
5531
1780
8704
2037
4895
4785
9624
2274
6519
4015
